The SAM(AAO) Index from Nan & Li (2003, Geophys. Res. Lett., 30: 2266, doi:10.1029/2003GL018381). The value, -99.99, is undefined.
           1     2     3     4     5     6     7     8     9    10    11    12   DJF   MAM   JJA   SON   ANN  DJFM
  1948 -0.02 -2.22 -1.74 -0.16  2.93 -0.95 -4.18 -4.58 -2.08 -2.99 -2.95 -1.24 -4.29  0.34 -3.23 -2.67 -1.68 -3.88
  1949 -4.64 -7.00 -2.65  0.74  2.87  2.64 -1.00  0.37  0.21 -0.74 -1.06 -3.82 -3.35  0.32  0.67 -0.53 -1.17 -3.17
  1950 -4.47 -1.76 -2.64 -1.10  0.49 -1.79 -3.00 -1.63 -0.67 -0.96 -2.14  0.12  0.21 -1.08 -2.14 -1.26 -1.63 -0.40
  1951  0.96 -0.44 -2.22 -3.09 -2.30 -3.51 -1.63 -3.11 -3.49 -3.19 -2.36 -3.52 -2.63 -2.54 -2.75 -3.01 -2.33 -2.44
  1952 -3.62 -0.75 -1.87 -1.80 -1.43 -1.37 -0.05 -1.07 -2.71 -1.00 -2.78 -2.68 -2.20 -1.70 -0.83 -2.17 -1.76 -2.01
  1953 -2.25 -1.67 -1.45 -3.45 -1.89 -0.79 -2.74 -0.41 -1.27 -2.08 -0.83 -2.21 -0.17 -2.26 -1.31 -1.40 -1.75 -1.26
  1954  1.50  0.21 -4.54 -0.64  1.04 -1.86 -1.21 -4.49  1.34  0.52  1.99 -1.68 -0.08 -1.38 -2.52  1.28 -0.65  0.24
  1955  0.86  0.57  1.23  0.75 -1.55 -1.93  2.40 -3.85 -1.33 -3.87 -3.00 -1.20 -1.31  0.14 -1.13 -2.73 -0.91 -1.17
  1956 -1.21 -1.53 -0.75 -0.52  0.15  2.11 -2.26 -1.93 -3.21 -1.11 -2.31 -4.28 -2.14 -0.37 -0.69 -2.21 -1.40 -1.49
  1957 -0.84 -1.29  0.46 -0.89 -0.72 -3.57 -1.03 -1.85  0.32 -3.19 -2.91 -2.52 -0.40 -0.38 -2.15 -1.92 -1.50 -0.63
  1958  1.17  0.16 -1.31 -1.38 -1.42  0.43 -2.13  0.46  2.89  0.06  1.15  3.18  1.83 -1.37 -0.41  1.36  0.27  1.57
  1959  2.45 -0.13  0.79 -1.44 -1.84 -2.31 -2.43 -2.30  0.46 -0.33  2.20  0.46  0.62 -0.83 -2.34  0.78 -0.37  0.98
  1960  0.50  0.88  2.09 -1.50 -3.12  0.13 -0.07 -2.69 -0.68  0.41  0.50  0.69  0.21 -0.84 -0.88  0.08 -0.24 -0.04
  1961  0.79 -0.84 -0.81  0.64 -0.04 -1.71 -1.26 -0.62 -1.43  0.33  1.29  3.82  2.23 -0.07 -1.20  0.07  0.01  1.56
  1962  3.43 -0.56 -0.44  2.32 -0.05 -3.04  1.80 -0.11  0.36 -1.81 -2.12  2.27  2.54  0.61 -0.45 -1.19  0.17  2.28
  1963  3.21  2.13  1.48 -0.86  0.26 -1.61 -1.36 -6.71 -1.85  1.11 -0.13  1.20 -0.54  0.29 -3.23 -0.29 -0.26 -0.56
  1964 -1.74 -1.07 -0.62  0.02  1.41 -4.85 -6.42 -3.05  0.52  0.15 -2.02 -1.53 -1.98  0.27 -4.77 -0.45 -1.60 -1.84
  1965  0.51 -4.92 -1.42 -1.57 -2.43  0.01 -1.87 -1.77 -1.69 -0.95  0.42 -2.02 -0.69 -1.81 -1.21 -0.74 -1.47 -1.50
  1966  1.04 -1.10 -3.92 -1.01 -3.10  1.83 -0.71  1.07  0.38  1.50 -1.13 -0.19 -1.03 -2.67  0.73  0.25 -0.44 -0.62
  1967 -2.33 -0.57  0.64  0.32 -0.09 -0.71  0.52  0.24 -0.17  0.13 -1.14 -0.33 -0.37  0.29  0.02 -0.39 -0.29 -0.21
  1968  0.15 -0.94  0.26 -2.24 -3.59  0.04  1.42 -0.57 -3.44 -2.00 -2.78 -0.89 -1.85 -1.86  0.30 -2.74 -1.21 -1.41
  1969 -3.47 -1.18 -0.10 -0.90  0.11 -0.28  0.46  1.27  0.88  0.02  1.67  0.49  1.07 -0.30  0.48  0.86 -0.09  0.43
  1970  1.71  1.00 -1.46 -0.68  0.85  0.78  0.12  3.16  0.03 -1.95  0.63 -1.77 -0.49 -0.43  1.36 -0.43  0.20 -0.15
  1971 -0.49  0.78  0.90  0.06 -1.64  0.59 -1.17  0.55  0.02 -1.34 -0.43 -1.54 -1.45 -0.23 -0.01 -0.59 -0.31 -1.34
  1972 -2.19 -0.63 -1.00 -3.17  0.61 -2.16 -0.75 -2.72 -0.54  0.31  1.35 -1.86 -0.68 -1.19 -1.88  0.37 -1.06 -0.02
  1973 -0.54  0.37  1.96  0.11 -1.89  0.63  1.92  1.92 -0.79  0.96 -0.71  2.95  2.03  0.06  1.49 -0.18  0.58  1.98
  1974  0.58  2.58  1.82  0.87  0.32 -0.23 -0.01 -3.63  2.17 -0.94 -1.92 -1.89 -0.97  1.00 -1.29 -0.23 -0.02 -0.62
  1975 -1.31  0.29  0.44  0.57 -1.30 -1.01 -1.82  2.08  2.51  2.01 -0.14  0.59  0.58 -0.10 -0.25  1.46  0.24  0.56
  1976 -0.11  1.26  0.49  2.30  2.15  0.45  1.03  0.71  0.04 -0.97 -3.67 -7.03 -3.31  1.65  0.73 -1.53 -0.28 -2.72
  1977 -2.84 -0.07 -0.94 -0.84 -0.07 -1.44 -0.50 -0.90  1.08  0.84  0.36 -0.46  0.82 -0.62 -0.95  0.76 -0.48  0.63
  1978  2.09  0.83  0.05  0.07 -1.16  0.30 -3.47  3.97  1.50  0.47 -0.58  1.20  1.03 -0.35  0.27  0.46  0.44  1.17
  1979  1.04  0.86  1.56  0.93  2.36  2.81  3.23  1.03  1.20  0.97 -1.09 -1.58 -1.08  1.62  2.35  0.36  1.11 -1.52
  1980 -0.10 -1.55 -2.85 -3.03  0.21  1.32 -2.75 -1.46 -3.12  1.23 -3.03 -1.17  0.70 -1.89 -0.96 -1.64 -1.36  0.08
  1981  1.98  1.29 -1.77 -2.35  0.84  1.13 -1.29 -2.88 -2.64 -0.94  2.26  3.77  1.59 -1.09 -1.01 -0.44 -0.05  2.08
  1982 -0.26  1.27  3.54  3.39  0.12  1.30 -0.11  1.73  2.02 -1.74  0.18 -2.65 -1.56  2.35  0.97  0.15  0.73 -0.88
  1983 -1.60 -0.42  1.14  0.49  1.18  1.16  3.39  1.21 -1.44  2.96  2.86  1.37 -0.21  0.94  1.92  1.46  1.03 -0.10
  1984 -1.45 -0.54  0.22  1.37  0.88  2.08  2.00 -0.06 -0.26  0.16  1.06 -2.95 -1.04  0.82  1.34  0.32  0.21 -0.85
  1985 -0.68  0.50 -0.26  1.74  0.93 -1.19  4.29  1.37  2.55  0.84  2.45  2.06  0.33  0.80  1.49  1.95  1.22  0.05
  1986  1.51 -2.57 -0.81  0.74 -3.08  0.00 -0.05  0.40  1.51 -0.34  0.24  3.31  0.35 -1.05  0.12  0.47  0.07  0.01
  1987 -1.11 -1.15 -1.00  0.38  1.03 -0.29 -1.16  2.95 -1.57  0.95  2.43  1.01  0.84  0.14  0.50  0.60  0.20  0.63
  1988 -0.16  1.68 -0.01  2.15 -0.03 -1.09  2.71  0.43 -0.88 -3.91  1.78  3.09  1.83  0.70  0.68 -1.00  0.48  1.80
  1989  1.38  1.00  1.71  0.58  6.00  4.43  2.68 -0.44  0.17  1.01  1.51  0.12  1.12  2.76  2.22  0.90  1.68  1.14
  1990  0.95  2.28  1.20 -2.39 -0.82  0.79 -0.88  0.84  2.88  0.92  0.41  0.61  0.69 -0.67  0.25  1.40  0.57  0.62
  1991  2.36 -0.90  0.40  0.06  1.19 -0.73 -0.73  2.19 -2.13  0.46 -1.16 -2.92 -1.15  0.55  0.24 -0.94 -0.16 -1.31
  1992  1.36 -1.88 -1.81 -0.33 -1.69 -3.10  0.58 -0.13 -0.21 -0.07 -0.05  0.23 -0.75 -1.27 -0.88 -0.11 -0.59 -0.95
  1993 -3.24  0.75 -1.54  0.65  3.43  2.87  4.44  1.39  1.89  1.48  0.69  2.34  2.15  0.85  2.90  1.35  1.26  1.72
  1994  1.36  2.74  0.44  0.98  0.23 -3.41  0.57  5.00 -1.85  0.47 -1.30  2.03  2.15  0.55  0.72 -0.90  0.61  1.57
  1995  3.01  1.40 -0.16  1.78  4.11 -0.90 -3.09  0.35  3.09  0.00  1.25  3.53  1.81  1.91 -1.21  1.45  1.20  1.65
  1996  1.78  0.13  1.16  1.34  3.07 -0.32  0.06 -1.62 -2.79  2.88 -2.52  1.11  1.25  1.86 -0.63 -0.81  0.36  1.31
  1997  2.25  0.39  1.49 -0.22  3.14  0.12  3.32  1.89  0.36 -0.10 -2.44  0.05  1.61  1.47  1.78 -0.73  0.85  1.49
  1998  2.61  2.17  1.13  4.66  0.92  3.07  5.53  4.21  1.57  1.09  2.57  3.17  2.58  2.24  4.27  1.74  2.73  2.10
  1999  2.97  1.58  0.68  2.99  4.35 -1.53  1.85  0.65  0.70  4.29  2.76  4.47  3.28  2.67  0.32  2.58  2.15  2.68
  2000  2.91  2.47  0.89  2.36  4.31  0.90  1.08 -0.37 -2.89  1.00 -1.91 -2.27 -0.63  2.52  0.54 -1.27  0.71 -0.35
  2001  0.83 -0.44  0.46  3.09  1.52  2.51 -0.05  2.72  2.86  2.87  3.39  2.57  2.33  1.69  1.73  3.04  1.86  1.06
  2002  2.34  2.08 -2.75  1.75 -2.20  0.84 -0.77 -0.15 -1.30 -4.81 -0.66  2.79  1.06 -1.07 -0.03 -2.26 -0.24  0.64
  2003 -0.08  0.47 -0.64  1.59  3.45 -0.27  3.08  1.78 -0.19  0.15 -0.66 -0.52  0.28  1.47  1.53 -0.24  0.68  0.38
  2004  2.90 -1.55  0.68  1.99  2.61  2.67  4.31  0.14  1.25  0.38  0.18 -1.02  0.77  1.76  2.37  0.61  1.21  0.68
  2005  1.36  1.97  0.41  2.60  1.59 -0.21  0.74  1.45  0.50  0.55 -0.55 -3.28 -0.80  1.54  0.66  0.17  0.60 -0.13
  2006  1.44 -0.56  1.86  0.45  3.98  1.78  2.88 -1.99  0.75  2.53  1.36  1.54  1.25  2.10  0.89  1.55  1.33  0.80
  2007  0.61  1.60 -0.54  0.04  2.11  0.64 -2.98  1.71  0.25 -0.18  0.26  3.95  2.82  0.54 -0.21  0.11  0.62  2.47
  2008  2.90  1.59  1.43  0.16  0.68  4.31  0.86  2.39  2.64  3.12  2.58  2.33  1.98  0.76  2.52  2.78  2.08  1.75
  2009  2.45  1.17  1.04  0.70  1.46  0.48 -0.25 -0.90  0.96  2.15 -1.31  2.39  0.75  1.07 -0.23  0.60  0.86  0.89
  2010  0.42 -0.55  1.32  2.08  3.86  5.45  6.22  3.23  2.43  3.73  3.71  2.02  1.82  2.42  4.97  3.29  2.83  1.45
  2011  0.89  2.55  0.35  1.23  4.68  1.38  0.61 -0.58 -2.08  2.02 -0.32  4.87  2.55  2.09  0.47 -0.13  1.30  2.12
  2012  3.52 -0.73  0.83  2.69  2.70  2.37  5.08  1.58  1.27  1.21 -1.84 -0.68  0.87  2.07  3.01  0.22  1.50  1.29
  2013  1.45  1.85  2.55  1.85  1.97  0.92  3.41 -2.22 -1.47  0.28  2.31  1.08  0.94  2.12  0.70  0.38  1.17  1.19
  2014  0.33  1.40  1.94  2.69  0.47  2.40  0.71  0.77 -1.05  1.61  0.95  3.01  2.71  1.70  1.29  0.50  1.27  2.20
  2015  1.98  3.14  0.66  2.84  2.98  3.62  4.87  2.62  1.73  1.03  2.32  0.84  2.14  2.16  3.70  1.69  2.38  2.60
  2016  3.57  2.02  3.99  1.49  1.12  5.85  1.89 -0.50  4.26 -0.34 -2.05 -1.04 -0.29  2.20  2.41  0.62  1.69 -0.15
  2017 -0.11  0.27  0.29  2.70  5.21  3.30  2.42  2.54  2.49  0.23  2.21  2.03  1.79  2.73  2.75  1.64  1.96  1.61
  2018  2.57  0.77  1.07  0.22  1.94  1.11  2.18  0.22  2.68  1.74  1.99  2.06  1.30  1.07  1.17  2.13  1.54  1.47
  2019  2.68 -0.84  1.97  2.28  2.72  4.24  0.88 -0.03  2.21 -0.57 -2.74 -1.31  0.46  2.32  1.70 -0.37  0.96  0.90
  2020  1.00  1.67  2.24  0.14  2.02  2.42  0.63  0.04  1.09  2.78  2.41  3.65-99.99  1.47  1.03  2.09  1.68-99.99
